0 0 0 0 0 0 0 0 0 0 0 0 0 0 0 0 0 0 0 0 0 0 0 0 0 0 0 0 0 0 0 0 0 0 0 0 0 0 0 0 0 0 0 0 0 0 0 0 0 0 0 0 0 0 0 0 0 0 0 0 0 0 0 0 0 0 0 0 0 0 0 0 0 0 0 0 0 0 0 0 0 0 0 0 0 0 0 0 0 0 0 0 0 0 0 0 0 0 0 0 0 0 0 0 0 0 0 0 0 0 0 0 0 0 0 0 0 0 0 0 0 0 0 0 0 0 0 0 0 0 0 0 0 0 0 0 0 0 0 0 0 0 0 0 0 0 0 0 0 0 0 0 0 0 0 0 0 0 0 0 0 0 0 0 0 0 0 0 0 0 0 0 0 0 0 0 0 0 0 0 0 0 0 0 0 0 0 0 0 0 0 0 0 0 0 0 0 0 0 0 


0 0 0 0 1002 1065 1058 971 2015 2073 2052 2035 3075 3075 3060 3076 0 0 0 0 1011 1023 1011 1049 2032 2029 2057 2057 3071 3063 3051 3101 0 0 0 0 1068 976 1000 1052 2079 2021 2023 2057 3098 3054 3088 3045 0 0 0 0 988 1052 1020 1036 2008 2072 2042 2056 3073 3069 3077 3064 0 0 0 0 1036 1008 1037 1015 2004 2017 2097 2056 3093 3033 3084 3075 0 0 0 0 1031 995 998 1070 2077 2025 2008 2069 3085 3052 3042 3105 0 0 0 0 1043 1039 1009 1004 2043 2059 2037 2043 3071 3116 3024 3075 0 0 0 0 1009 1008 1040 1038 2024 2055 2016 2085 3063 3077 3011 3135 0 0 0 0 1052 1041 1022 981 2055 2067 2072 1979 3085 3064 3085 3051 0 0 0 0 1032 1016 1016 1032 2087 2027 2041 2031 3090 3063 3106 3026 0 0 0 0 1029 1031 1048 987 2006 2071 2085 2019 3028 3105 3086 3065 0 0 0 0 1006 995 1044 1049 2057 2034 2032 2053 3037 3069 3094 3084 0 0 0 0 1034 1026 1046 988 


0 0 0 0 1015 1030 1051 999 2094 2044 2046 2008 3151 3016 3071 3050 4188 3989 4145 4061 5186 5009 5170 5113 6184 6084 6156 6152 7299 7083 7148 7141 8301 8050 8195 8196 9347 9061 9205 9237 10377 10086 10249 10243 11434 11122 11245 11249 12438 12166 12273 12269 13422 13212 13301 13312 14404 14255 14357 14327 15397 15357 15349 15337 0 0 0 0 1036 996 1028 1035 2032 2018 2071 2069 3041 3070 3099 3078 4080 4093 4071 4139 5093 5131 5090 5166 6115 6114 6153 6194 7125 7140 7194 7211 8150 8152 8280 8179 9171 9198 9280 9203 10165 10202 10355 10228 11219 11261 11340 11232 12247 12290 12348 12263 13267 13375 13305 13301 14317 14371 14342 14313 15313 15402 15364 15361 0 0 0 0 1061 1002 1056 976 2105 2010 2061 2012 3117 3000 3134 3034 4143 4041 4153 4046 5183 5058 5156 5082 6188 6058 6211 6118 7244 7103 7202 7122 8228 8119 8260 8146 9230 9174 9305 9144 10268 10201 10315 10169 11273 11230 11306 11241 12376 12245 12275 12252 13366 13283 13337 13262 14397 14314 14338 14294 15391 15374 15335 15340 0 0 0 0 999 1050 1015 1031 


0 0 0 0 988 1055 1024 1027 1992 2056 2046 2095 2957 3076 3088 3166 3977 4111 4141 4154 5024 5146 5136 5174 6012 6166 6148 6248 7016 7230 7183 7243 8064 8231 8203 8268 9120 9250 9214 9279 10164 10235 10266 10293 11222 11228 11306 11298 12264 12262 12344 12281 13244 13295 13327 13380 14282 14323 14349 14388 15303 15330 15390 15416 16322 16382 16400 16432 17331 17417 17422 17459 18367 18439 18453 18469 19409 19413 19485 19514 20476 20427 20497 20519 21516 21461 21469 21567 22580 22477 22488 22567 23677 23457 23494 23579 24689 24469 24529 24616 25720 25509 25505 25663 26760 26538 26508 26688 27775 27501 27589 27726 28860 28521 28577 28728 29917 29540 29568 29759 30886 30538 30683 30772 31910 31604 31690 31771 32881 32626 32737 32809 33915 33655 33729 33851 34907 34679 34801 34863 35885 35763 35803 35894 36881 36823 36801 36940 37902 37864 37846 37931 38915 38908 38865 38950 39913 39949 39868 40004 40955 40955 40871 41052 41991 41967 41887 42085 43027 43007 42925 43069 43985 43993 44007 44138 45029 45018 45024 45147 46069 46038 46044 46163 47081 47103 47007 47220 48076 48151 48039 48242 49091 49147 49082 49283 50128 50159 50136 50280 


0 0 0 0 1074 1020 993 1008 2141 2013 1982 2054 3152 3013 2991 3128 4142 4022 4040 4180 5184 5035 5038 5222 6176 6034 6116 6249 7230 7050 7140 7252 8255 8077 8189 8245 9262 9154 9202 9243 10324 10177 10203 10251 11311 11199 11196 11349 12308 12194 12214 12436 13381 13213 13212 13441 14396 14224 14224 14498 15418 15251 15268 15503 16428 16320 16249 16538 17405 17357 17308 17557 18443 18396 18332 18555 19463 19433 19392 19535 20476 20474 20439 20530 21479 21485 21506 21546 22497 22484 22547 22582 23523 23512 23558 23615 24515 24570 24552 24665 25522 25582 25613 25683 26482 26632 26658 26724 27490 27640 27651 27810 28487 28691 28672 28838 29536 29710 29677 29859 30532 30743 30736 30868 31600 31792 31727 31856 32651 32865 32678 32877 33710 33835 33738 33882 34785 34813 34728 34936 35822 35801 35770 35966 36879 36811 36772 36992 37894 37809 37822 38025 38991 38787 38857 39011 40033 39773 39824 40113 41060 40856 40819 41105 42078 41855 41865 42136 43100 42912 42853 43166 44151 43975 43901 44099 45139 45028 44938 45117 46207 46025 45954 46131 47216 47043 46992 47164 48220 48048 48006 48236 49227 49091 48994 49295 50238 50136 50045 50283 


0 0 0 0 1052 1058 1018 967 2066 2083 2050 1988 3110 3096 3033 3047 4118 4122 4055 4085 5143 5095 5110 5130 6184 6135 6112 6141 7202 7232 7125 7111 8244 8233 8142 8145 9261 9251 9126 9223 10310 10256 10159 10228 11348 11249 11184 11270 12364 12263 12227 12296 13383 13268 13277 13317 14403 14295 14286 14353 15447 15337 15268 15384 16440 16370 16294 16431 17449 17416 17290 17474 18444 18427 18307 18545 19484 19423 19362 19554 20480 20438 20385 20617 21498 21423 21416 21674 22512 22419 22441 22736 23475 23436 23513 23781 24477 24474 24535 24815 25520 25529 25560 25787 26554 26590 26586 26763 27599 27616 27574 27799 28582 28632 28633 28840 29606 29654 29636 29886 30654 30712 30635 30873 31722 31717 31658 31878 32764 32808 32664 32836 33756 33846 33650 33910 34752 34852 34684 34975 35778 35857 35708 36016 36760 36880 36711 37102 37777 37933 37711 38123 38766 38945 38763 39169 39830 39979 39732 40201 40871 40971 40745 41252 41862 42019 41776 42277 42890 43096 42746 43294 43942 44064 43802 44319 44968 45085 44834 45336 45986 46064 45885 46381 47010 47057 46945 47402 48028 48125 47930 48428 49104 49168 48904 49430 50105 50224 49926 50449 


0 0 0 0 0 0 0 0 0 0 0 0 0 0 0 0 0 0 0 0 0 0 0 0 0 0 0 0 0 0 0 0 0 0 0 0 0 0 0 0 0 0 0 0 0 0 0 0 0 0 0 0 0 0 0 0 0 0 0 0 0 0 0 0 0 0 0 0 0 0 0 0 0 0 0 0 0 0 0 0 0 0 0 0 0 0 0 0 0 0 0 0 0 0 0 0 0 0 0 0 0 0 0 0 0 0 0 0 0 0 0 0 0 0 0 0 0 0 0 0 0 0 0 0 0 0 0 0 0 0 0 0 0 0 0 0 0 0 0 0 0 0 0 0 0 0 0 0 0 0 0 0 0 0 0 0 0 0 0 0 0 0 0 0 0 0 0 0 0 0 0 0 0 0 0 0 0 0 0 0 0 0 0 0 0 0 0 0 0 0 0 0 0 0 0 0 0 0 0 0 


0 0 0 0 1019 1037 1012 1027 1986 1998 2081 2116 3015 3089 3089 3094 0 0 0 0 1033 991 1016 1054 2067 2004 2046 2062 3064 3004 3075 3143 0 0 0 0 992 1004 1051 1047 2006 2014 2084 2077 3051 3018 3113 3104 0 0 0 0 1061 1000 1002 1031 2083 2032 2008 2057 3074 3058 3061 3091 0 0 0 0 1047 1039 970 1037 2049 2065 2048 2007 3083 3075 3090 3039 0 0 0 0 1024 1042 1012 1018 2026 2072 2003 2079 3041 3113 3011 3120 0 0 0 0 1036 1026 996 1038 2039 2061 2024 2053 3088 3060 3064 3069 0 0 0 0 1030 1034 1020 1012 2043 2035 2083 2024 3072 3069 3084 3057 0 0 0 0 1039 1042 986 1027 2079 2054 2023 2023 3107 3053 3071 3050 0 0 0 0 1013 1068 976 1038 2010 2055 1994 2122 3043 3047 3103 3093 0 0 0 0 990 1052 1052 1002 2044 2065 2066 2004 3084 3063 3077 3058 0 0 0 0 1037 1020 1024 1014 2046 2032 2068 2038 3061 3069 3079 3077 0 0 0 0 1053 989 1029 1022 


0 0 0 0 1013 1028 1017 1038 2062 2026 2021 2083 3068 3046 3068 3106 4114 4053 4079 4138 5124 5066 5125 5164 6159 6072 6138 6206 7091 7126 7171 7282 8126 8116 8229 8283 9190 9115 9241 9307 10229 10144 10241 10340 11249 11145 11310 11347 12265 12225 12311 12349 13276 13294 13350 13326 14311 14339 14367 14327 15329 15349 15399 15363 0 0 0 0 1059 1000 1011 1025 2080 2056 2014 2041 3125 3036 3058 3067 4136 4068 4076 4104 5130 5159 5089 5102 6196 6162 6101 6117 7218 7156 7163 7134 8236 8153 8192 8170 9269 9151 9232 9201 10308 10189 10231 10224 11310 11273 11235 11232 12278 12319 12275 12273 13332 13390 13282 13241 14349 14409 14292 14293 15365 15417 15311 15345 0 0 0 0 1008 1057 1000 1030 2038 2057 2059 2037 3061 3095 3088 3042 4065 4116 4111 4091 5099 5130 5163 5085 6075 6212 6186 6102 7128 7218 7162 7164 8131 8257 8190 8183 9203 9285 9184 9180 10228 10320 10210 10193 11216 11335 11282 11217 12264 12349 12301 12235 13250 13343 13341 13313 14332 14350 14332 14329 15372 15374 15348 15345 0 0 0 0 1020 1012 1011 1051 


0 0 0 0 1040 1062 966 1027 2085 2090 1993 2024 3052 3116 3080 3040 4088 4142 4142 4012 5165 5156 5124 5033 6196 6170 6186 6024 7246 7203 7167 7055 8280 8201 8185 8101 9287 9230 9223 9122 10317 10268 10258 10116 11315 11311 11275 11155 12372 12308 12276 12192 13383 13369 13309 13186 14401 14421 14311 14210 15414 15450 15399 15175 16493 16433 16374 16232 17531 17465 17362 17274 18596 18484 18324 18324 19648 19488 19328 19358 20630 20509 20355 20421 21650 21514 21360 21492 22696 22525 22386 22505 23684 23596 23460 23467 24686 24648 24457 24512 25669 25653 25490 25588 26656 26681 26530 26629 27668 27697 27570 27657 28636 28769 28622 28660 29684 29817 29631 29650 30695 30818 30669 30695 31694 31872 31689 31720 32752 32889 32624 32785 33795 33896 33619 33841 34796 34875 34696 34882 35801 35926 35700 35920 36818 36964 36738 36923 37886 37986 37742 37928 38888 39021 38765 38963 39931 40046 39783 39974 40956 41032 40850 40994 42023 42014 41879 42013 43029 43042 42950 43006 44051 44065 43964 44040 45065 45161 44961 45032 46103 46176 45999 46037 47150 47199 47001 47062 48204 48206 47981 48117 49222 49245 49007 49132 50264 50220 50085 50135 


0 0 0 0 1017 1042 1040 997 2051 2120 2059 1961 3063 3144 3088 2992 4085 4166 4104 4026 5180 5165 5086 5047 6202 6206 6114 6051 7209 7194 7152 7115 8201 8207 8163 8194 9185 9232 9254 9192 10234 10288 10252 10182 11311 11331 11247 11166 12312 12374 12270 12195 13357 13385 13275 13230 14353 14422 14294 14271 15412 15424 15310 15294 16427 16464 16324 16320 17458 17521 17332 17319 18514 18567 18313 18331 19544 19594 19328 19355 20578 20626 20345 20371 21622 21620 21368 21406 22614 22663 22356 22478 23644 23678 23386 23500 24676 24684 24458 24484 25698 25701 25508 25492 26718 26713 26544 26516 27808 27681 27565 27536 28830 28673 28644 28540 29851 29737 29663 29532 30894 30736 30729 30519 31883 31743 31805 31544 32915 32777 32791 32588 33946 33834 33814 33573 34968 34826 34842 34627 36010 35847 35883 35620 37042 36870 36904 36639 38041 37901 37977 37631 39070 38890 39021 38664 40082 39969 40060 39632 41144 41047 41027 40621 42206 42058 42031 41641 43258 43054 43039 42680 44231 44063 44042 43788 45284 45072 45040 44828 46302 46071 46046 45898 47363 47107 47058 46886 48380 48184 48101 47846 49427 49209 49075 48896 50469 50242 50104 49887 


0 0 0 0 1012 1001 1069 1011 2037 2041 2054 2058 3040 3040 3092 3116 4072 4051 4147 4107 5081 5117 5128 5150 6084 6121 6204 6164 7111 7144 7208 7208 8137 8190 8197 8244 9157 9193 9266 9246 10198 10222 10256 10281 11188 11239 11260 11363 12182 12258 12315 12396 13145 13315 13318 13464 14171 14338 14342 14488 15199 15386 15352 15500 16215 16468 16347 16505 17287 17506 17359 17476 18308 18532 18380 18504 19319 19602 19371 19528 20322 20649 20380 20567 21396 21637 21441 21538 22419 22643 22459 22585 23465 23687 23504 23551 24523 24645 24534 24594 25520 25733 25535 25608 26486 26824 26561 26620 27510 27862 27544 27674 28516 28910 28525 28732 29525 29974 29531 29751 30534 30957 30599 30785 31598 31965 31616 31793 32642 32979 32670 32779 33667 33982 33733 33785 34742 34984 34733 34804 35725 36010 35797 35825 36780 36995 36828 36849 37798 38067 37827 37859 38835 39071 38843 38893 39890 40081 39905 39866 40848 41102 40918 40966 41880 42124 41931 41995 42880 43124 43001 43026 43890 44158 44036 44037 44927 45166 45059 45070 45915 46179 46143 46080 46971 47196 47139 47104 48026 48213 48144 48127 49054 49254 49185 49113 50086 50255 50238 50124 


