0 0 0 0 0 0 0 0 0 0 0 0 0 0 0 0 0 0 0 0 0 0 0 0 0 0 0 0 0 0 0 0 0 0 0 0 0 0 0 0 0 0 0 0 0 0 0 0 0 0 0 0 0 0 0 0 0 0 0 0 0 0 0 0 0 0 0 0 0 0 0 0 0 0 0 0 0 0 0 0 0 0 0 0 0 0 0 0 0 0 0 0 0 0 0 0 0 0 0 0 0 0 0 0 0 0 0 0 0 0 0 0 0 0 0 0 0 0 0 0 0 0 0 0 0 0 0 0 0 0 0 0 0 0 0 0 0 0 0 0 0 0 0 0 0 0 0 0 0 0 0 0 0 0 0 0 0 0 0 0 0 0 0 0 0 0 0 0 0 0 0 0 0 0 0 0 0 0 0 0 0 0 0 0 0 0 0 0 0 0 0 0 0 0 0 0 0 0 0 0 


0 0 0 0 1052 972 1046 1023 2042 1998 2105 2041 3072 3056 3067 3089 0 0 0 0 1041 1032 1022 999 2066 2014 2051 2045 3117 3063 3045 3060 0 0 0 0 1038 1012 1007 1039 2036 2022 2053 2066 3060 3106 3052 3065 0 0 0 0 1021 1005 1053 1017 1996 2058 2076 2045 3033 3085 3066 3102 0 0 0 0 1009 1029 1035 1022 2018 2053 2066 2040 3012 3106 3106 3062 0 0 0 0 1043 984 1004 1065 2040 2011 2048 2079 3112 3052 3041 3080 0 0 0 0 1033 1043 1044 973 2058 2033 2057 2028 3073 3088 3055 3071 0 0 0 0 1012 1065 971 1046 2040 2100 2005 2040 3084 3105 3031 3065 0 0 0 0 1058 1067 975 995 2075 2033 2009 2063 3093 3088 3053 3049 0 0 0 0 1076 992 997 1028 2075 2037 2044 2029 3078 3055 3088 3062 0 0 0 0 1006 1074 990 1026 2035 2079 2046 2026 3078 3035 3115 3056 0 0 0 0 1020 1035 1027 1014 2050 2061 2033 2032 3066 3060 3078 3080 0 0 0 0 1006 1010 1035 1044 


0 0 0 0 1019 974 1071 1029 2006 2022 2118 2046 3031 3041 3156 3060 4042 4096 4160 4086 5056 5121 5204 5098 6082 6167 6243 6084 7129 7159 7297 7086 8159 8180 8307 8116 9220 9141 9343 9148 10247 10140 10389 10174 11230 11225 11392 11205 12266 12264 12408 12207 13314 13343 13352 13238 14369 14354 14366 14253 15357 15355 15400 15325 0 0 0 0 1053 1031 987 1023 2039 2054 2030 2068 3103 3084 3036 3064 4124 4097 4049 4113 5107 5131 5052 5190 6143 6146 6090 6197 7162 7154 7152 7204 8219 8149 8176 8203 9265 9184 9152 9248 10282 10192 10174 10305 11275 11236 11205 11332 12261 12281 12232 12374 13285 13303 13275 13385 14309 14323 14352 14358 15368 15377 15350 15342 0 0 0 0 981 987 1040 1085 1997 2056 2059 2079 3034 3052 3054 3148 4077 4066 4067 4172 5098 5102 5098 5180 6103 6142 6116 6212 7136 7150 7116 7269 8164 8178 8137 8282 9183 9177 9179 9313 10187 10250 10180 10336 11205 11283 11248 11315 12222 12315 12288 12324 13249 13308 13317 13373 14328 14331 14303 14380 15334 15355 15357 15392 0 0 0 0 1026 981 1011 1076 


0 0 0 0 1078 1020 1010 988 2029 2034 2076 2050 3090 3021 3097 3080 4100 4060 4130 4092 5085 5086 5218 5091 6120 6117 6240 6098 7137 7140 7246 7147 8144 8172 8290 8162 9164 9181 9293 9225 10189 10182 10356 10232 11283 11207 11306 11260 12234 12223 12402 12292 13230 13277 13471 13269 14247 14335 14478 14281 15284 15374 15538 15243 16269 16424 16592 16250 17247 17455 17639 17288 18259 18500 18654 18315 19340 19516 19668 19300 20340 20556 20650 20371 21425 21575 21628 21387 22447 22573 22636 22455 23491 23575 23666 23474 24443 24617 24674 24569 25404 25648 25699 25648 26432 26628 26759 26676 27461 27659 27775 27694 28488 28694 28816 28690 29521 29709 29819 29732 30523 30762 30836 30758 31553 31742 31851 31829 32587 32779 32835 32843 33591 33841 33817 33900 34583 34844 34859 34963 35647 35845 35866 35990 36700 36843 36895 37008 37714 37825 37956 38047 38716 38881 39000 39041 39746 39912 39994 40082 40782 40973 41027 41053 41836 41934 42060 42101 42885 42954 43075 43112 43945 43950 44114 44113 44933 44978 45174 45132 45963 46009 46194 46149 46973 47093 47177 47167 47983 48072 48240 48210 49047 49062 49256 49239 50044 50103 50271 50286 


0 0 0 0 1020 1024 1014 1038 2044 2027 2044 2074 3077 3050 3070 3091 4092 4116 4096 4080 5099 5136 5140 5104 6177 6092 6216 6090 7210 7147 7208 7104 8193 8174 8272 8128 9179 9158 9334 9191 10141 10222 10386 10209 11194 11239 11371 11251 12197 12266 12363 12324 13208 13338 13363 13338 14238 14364 14450 14290 15282 15382 15453 15323 16294 16372 16485 16384 17378 17392 17503 17358 18465 18402 18492 18366 19438 19457 19522 19405 20406 20486 20562 20465 21430 21493 21586 21507 22491 22539 22561 22517 23512 23540 23605 23548 24562 24548 24650 24543 25593 25612 25647 25547 26600 26606 26700 26588 27648 27602 27732 27607 28676 28629 28743 28639 29717 29613 29786 29667 30711 30639 30828 30702 31792 31608 31863 31713 32760 32692 32868 32750 33776 33670 33863 33858 34830 34671 34897 34865 35847 35652 35941 35919 36862 36678 36948 36966 37841 37771 37920 38018 38879 38805 38920 39043 39905 39829 39912 40097 40886 40863 40910 41181 41917 41865 41948 42204 42966 42867 42960 43238 44015 43906 43957 44244 45043 44886 44963 45330 46055 45918 46012 46334 47111 46916 47013 47375 48152 47946 48054 48360 49131 48958 49084 49435 50124 50002 50108 50469 


0 0 0 0 1059 1036 1008 989 2084 2069 2032 2002 3101 3133 3036 3013 4123 4147 4104 4004 5165 5202 5090 5019 6160 6226 6129 6060 7141 7257 7181 7089 8173 8278 8228 8085 9125 9299 9232 9208 10147 10364 10244 10204 11198 11385 11204 11268 12229 12434 12216 12269 13233 13455 13239 13318 14285 14416 14258 14382 15297 15463 15283 15395 16323 16510 16268 16430 17392 17492 17262 17483 18434 18505 18324 18464 19393 19563 19371 19496 20412 20643 20378 20487 21461 21679 21426 21447 22521 22696 22442 22449 23572 23713 23480 23441 24610 24748 24509 24437 25648 25789 25527 25434 26702 26804 26540 26448 27730 27822 27578 27460 28735 28880 28593 28480 29771 29933 29626 29451 30832 30932 30672 30443 31845 31937 31710 31479 32852 32954 32738 32526 33850 33983 33785 33548 34879 35005 34803 34585 35893 36009 35845 35609 36864 37026 36916 36645 37925 38090 37935 37601 38920 39109 38999 38619 39930 40183 39990 39638 40949 41205 41024 40659 41980 42220 42048 41679 43001 43233 43091 42706 44034 44275 44109 43706 45041 45289 45170 44721 46057 46336 46180 45745 47078 47327 47235 46771 48144 48358 48203 47806 49168 49389 49241 48806 50139 50473 50260 49831 


0 0 0 0 0 0 0 0 0 0 0 0 0 0 0 0 0 0 0 0 0 0 0 0 0 0 0 0 0 0 0 0 0 0 0 0 0 0 0 0 0 0 0 0 0 0 0 0 0 0 0 0 0 0 0 0 0 0 0 0 0 0 0 0 0 0 0 0 0 0 0 0 0 0 0 0 0 0 0 0 0 0 0 0 0 0 0 0 0 0 0 0 0 0 0 0 0 0 0 0 0 0 0 0 0 0 0 0 0 0 0 0 0 0 0 0 0 0 0 0 0 0 0 0 0 0 0 0 0 0 0 0 0 0 0 0 0 0 0 0 0 0 0 0 0 0 0 0 0 0 0 0 0 0 0 0 0 0 0 0 0 0 0 0 0 0 0 0 0 0 0 0 0 0 0 0 0 0 0 0 0 0 0 0 0 0 0 0 0 0 0 0 0 0 0 0 0 0 0 0 


0 0 0 0 1052 972 1046 1023 2042 1998 2105 2041 3072 3056 3067 3089 0 0 0 0 1041 1032 1022 999 2066 2014 2051 2045 3117 3063 3045 3060 0 0 0 0 1038 1012 1007 1039 2036 2022 2053 2066 3060 3106 3052 3065 0 0 0 0 1021 1005 1053 1017 1996 2058 2076 2045 3033 3085 3066 3102 0 0 0 0 1009 1029 1035 1022 2018 2053 2066 2040 3012 3106 3106 3062 0 0 0 0 1043 984 1004 1065 2040 2011 2048 2079 3112 3052 3041 3080 0 0 0 0 1033 1043 1044 973 2058 2033 2057 2028 3073 3088 3055 3071 0 0 0 0 1012 1065 971 1046 2040 2100 2005 2040 3084 3105 3031 3065 0 0 0 0 1058 1067 975 995 2075 2033 2009 2063 3093 3088 3053 3049 0 0 0 0 1076 992 997 1028 2075 2037 2044 2029 3078 3055 3088 3062 0 0 0 0 1006 1074 990 1026 2035 2079 2046 2026 3078 3035 3115 3056 0 0 0 0 1020 1035 1027 1014 2050 2061 2033 2032 3066 3060 3078 3080 0 0 0 0 1006 1010 1035 1044 


0 0 0 0 1019 974 1071 1029 2006 2022 2118 2046 3031 3041 3156 3060 4042 4096 4160 4086 5056 5121 5204 5098 6082 6167 6243 6084 7129 7159 7297 7086 8159 8180 8307 8116 9220 9141 9343 9148 10247 10140 10389 10174 11230 11225 11392 11205 12266 12264 12408 12207 13314 13343 13352 13238 14369 14354 14366 14253 15357 15355 15400 15325 0 0 0 0 1053 1031 987 1023 2039 2054 2030 2068 3103 3084 3036 3064 4124 4097 4049 4113 5107 5131 5052 5190 6143 6146 6090 6197 7162 7154 7152 7204 8219 8149 8176 8203 9265 9184 9152 9248 10282 10192 10174 10305 11275 11236 11205 11332 12261 12281 12232 12374 13285 13303 13275 13385 14309 14323 14352 14358 15368 15377 15350 15342 0 0 0 0 981 987 1040 1085 1997 2056 2059 2079 3034 3052 3054 3148 4077 4066 4067 4172 5098 5102 5098 5180 6103 6142 6116 6212 7136 7150 7116 7269 8164 8178 8137 8282 9183 9177 9179 9313 10187 10250 10180 10336 11205 11283 11248 11315 12222 12315 12288 12324 13249 13308 13317 13373 14328 14331 14303 14380 15334 15355 15357 15392 0 0 0 0 1026 981 1011 1076 


0 0 0 0 1078 1020 1010 988 2029 2034 2076 2050 3090 3021 3097 3080 4100 4060 4130 4092 5085 5086 5218 5091 6120 6117 6240 6098 7137 7140 7246 7147 8144 8172 8290 8162 9164 9181 9293 9225 10189 10182 10356 10232 11283 11207 11306 11260 12234 12223 12402 12292 13230 13277 13471 13269 14247 14335 14478 14281 15284 15374 15538 15243 16269 16424 16592 16250 17247 17455 17639 17288 18259 18500 18654 18315 19340 19516 19668 19300 20340 20556 20650 20371 21425 21575 21628 21387 22447 22573 22636 22455 23491 23575 23666 23474 24443 24617 24674 24569 25404 25648 25699 25648 26432 26628 26759 26676 27461 27659 27775 27694 28488 28694 28816 28690 29521 29709 29819 29732 30523 30762 30836 30758 31553 31742 31851 31829 32587 32779 32835 32843 33591 33841 33817 33900 34583 34844 34859 34963 35647 35845 35866 35990 36700 36843 36895 37008 37714 37825 37956 38047 38716 38881 39000 39041 39746 39912 39994 40082 40782 40973 41027 41053 41836 41934 42060 42101 42885 42954 43075 43112 43945 43950 44114 44113 44933 44978 45174 45132 45963 46009 46194 46149 46973 47093 47177 47167 47983 48072 48240 48210 49047 49062 49256 49239 50044 50103 50271 50286 


0 0 0 0 1020 1024 1014 1038 2044 2027 2044 2074 3077 3050 3070 3091 4092 4116 4096 4080 5099 5136 5140 5104 6177 6092 6216 6090 7210 7147 7208 7104 8193 8174 8272 8128 9179 9158 9334 9191 10141 10222 10386 10209 11194 11239 11371 11251 12197 12266 12363 12324 13208 13338 13363 13338 14238 14364 14450 14290 15282 15382 15453 15323 16294 16372 16485 16384 17378 17392 17503 17358 18465 18402 18492 18366 19438 19457 19522 19405 20406 20486 20562 20465 21430 21493 21586 21507 22491 22539 22561 22517 23512 23540 23605 23548 24562 24548 24650 24543 25593 25612 25647 25547 26600 26606 26700 26588 27648 27602 27732 27607 28676 28629 28743 28639 29717 29613 29786 29667 30711 30639 30828 30702 31792 31608 31863 31713 32760 32692 32868 32750 33776 33670 33863 33858 34830 34671 34897 34865 35847 35652 35941 35919 36862 36678 36948 36966 37841 37771 37920 38018 38879 38805 38920 39043 39905 39829 39912 40097 40886 40863 40910 41181 41917 41865 41948 42204 42966 42867 42960 43238 44015 43906 43957 44244 45043 44886 44963 45330 46055 45918 46012 46334 47111 46916 47013 47375 48152 47946 48054 48360 49131 48958 49084 49435 50124 50002 50108 50469 


0 0 0 0 1059 1036 1008 989 2084 2069 2032 2002 3101 3133 3036 3013 4123 4147 4104 4004 5165 5202 5090 5019 6160 6226 6129 6060 7141 7257 7181 7089 8173 8278 8228 8085 9125 9299 9232 9208 10147 10364 10244 10204 11198 11385 11204 11268 12229 12434 12216 12269 13233 13455 13239 13318 14285 14416 14258 14382 15297 15463 15283 15395 16323 16510 16268 16430 17392 17492 17262 17483 18434 18505 18324 18464 19393 19563 19371 19496 20412 20643 20378 20487 21461 21679 21426 21447 22521 22696 22442 22449 23572 23713 23480 23441 24610 24748 24509 24437 25648 25789 25527 25434 26702 26804 26540 26448 27730 27822 27578 27460 28735 28880 28593 28480 29771 29933 29626 29451 30832 30932 30672 30443 31845 31937 31710 31479 32852 32954 32738 32526 33850 33983 33785 33548 34879 35005 34803 34585 35893 36009 35845 35609 36864 37026 36916 36645 37925 38090 37935 37601 38920 39109 38999 38619 39930 40183 39990 39638 40949 41205 41024 40659 41980 42220 42048 41679 43001 43233 43091 42706 44034 44275 44109 43706 45041 45289 45170 44721 46057 46336 46180 45745 47078 47327 47235 46771 48144 48358 48203 47806 49168 49389 49241 48806 50139 50473 50260 49831 


