no error
no error
no error
0 1 2 3 4 5 6 7 8 Start of loop values: 486 487 489 500 505 512 520 527 489 
Values: 486 487 489 500 505 512 520 527 489 
  0   1   2   3   4   5   6   7   8 
Start of loop values: 487 489 500 505 512 520 527 489 768 
Values: 487 489 500 505 512 520 527 489 768 
  0   1   2   3   4   5   6   7   8 
Start of loop values: 487 489 500 505 512 520 527 489 630 
Values: 487 489 500 505 512 520 527 489 630 
  0   1   2   3   4   5   6   7   8 
Start of loop values: 489 500 505 512 520 527 489 630 753 
Values: 489 500 505 512 520 527 489 630 753 
  0   1   2   3   4   5   6   7   8 
Start of loop values: 489 500 505 512 520 527 489 622 630 
Values: 489 500 505 512 520 527 489 622 630 
  0   1   2   3   4   5   6   7   8 
Start of loop values: 489 500 505 512 520 527 489 557 622 
Values: 489 500 505 512 520 527 489 557 622 
  0   1   2   3   4   5   6   7   8 
Start of loop values: 489 500 505 512 520 527 489 557 560 
Values: 489 500 505 512 520 527 489 557 560 
  0   1   2   3   4   5   6   7   8 
Start of loop values: 500 505 512 520 527 489 557 560 742 
Values: 500 505 512 520 527 489 557 560 742 
  0   1   2   3   4   5   6   7   8 
Start of loop values: 500 505 512 520 527 489 557 560 609 
Values: 500 505 512 520 527 489 557 560 609 
  0   1   2   3   4   5   6   7   8 
Start of loop values: 500 505 512 520 527 489 542 557 560 
Values: 500 505 512 520 527 489 542 557 560 
  0   1   2   3   4   5   6   7   8 
Start of loop values: 500 505 512 520 527 524 542 542 557 
Values: 500 505 512 520 527 524 542 542 557 
  0   1   2   3   5   5   5   7   8 
Start of loop values: 500 505 512 520 520 524 524 542 542 
Values: 500 505 512 520 520 524 524 542 542 
  0   1   2   3   4   6   6   6   8 
Start of loop values: 505 512 520 520 520 524 524 542 762 
Values: 505 512 520 520 520 524 524 542 762 
  0   1   2   3   5   5   5   7   8 
Start of loop values: 505 512 520 520 520 524 524 542 628 
Values: 505 512 520 520 520 524 524 542 628 
  0   1   2   3   5   5   5   7   8 
Start of loop values: 505 512 520 520 520 524 524 542 555 
Values: 505 512 520 520 520 524 524 542 555 
  0   1   2   3   5   5   5   7   8 
Start of loop values: 505 512 520 520 520 524 524 527 542 
Values: 505 512 520 520 520 524 524 527 542 
  0   1   2   3   5   5   5   7   8 
Start of loop values: 505 512 520 520 521 524 524 527 527 
Values: 505 512 520 520 521 524 524 527 527 
  0   1   2   3   4   6   6   6   8 
Start of loop values: 512 520 520 521 521 524 524 527 772 
Values: 512 520 520 521 521 524 524 527 772 
  0   1   2   3   5   5   5   7   8 
Start of loop values: 512 520 520 521 521 524 524 527 648 
Values: 512 520 520 521 521 524 524 527 648 
  0   1   2   3   5   5   5   7   8 
Start of loop values: 512 520 520 521 521 524 524 527 575 
Values: 512 520 520 521 521 524 524 527 575 
  0   1   2   3   5   5   5   7   8 
Start of loop values: 512 520 520 521 521 524 524 527 539 
Values: 512 520 520 521 521 524 524 527 539 
  0   1   2   3   5   5   5   7   8 
Start of loop values: 512 520 520 521 521 524 524 525 527 
Values: 512 520 520 521 521 524 524 525 527 
  0   1   2   3   5   5   5   7   8 
Start of loop values: 520 520 521 521 524 524 525 527 788 
Values: 520 520 521 521 524 524 525 527 788 
  0   1   2   4   4   4   6   7   8 
Start of loop values: 520 520 521 521 524 524 525 527 649 
Values: 520 520 521 521 524 524 525 527 649 
  0   1   2   4   4   4   6   7   8 
Start of loop values: 520 520 521 521 524 524 525 527 580 
Values: 520 520 521 521 524 524 525 527 580 
  0   1   2   4   4   4   6   7   8 
Start of loop values: 520 520 521 521 524 524 525 527 549 
Values: 520 520 521 521 524 524 525 527 549 
  0   1   2   4   4   4   6   7   8 
Start of loop values: 520 520 521 521 524 524 525 527 530 
Values: 520 520 521 521 524 524 525 527 530 
  0   1   2   4   4   4   6   7   8 
Start of loop values: 520 520 521 522 524 524 525 525 527 
Values: 520 520 521 522 524 524 525 525 527 
  0   1   2   3   5   5   5   7   8 
Start of loop values: 512 520 520 521 522 524 524 525 525 
Values: 512 520 520 521 522 524 524 525 525 
  0   1   2   3   4   6   6   6   8 
Start of loop values: 520 520 520 521 522 524 524 525 525 
Values: 520 520 520 521 522 524 524 525 525 
  0   1   2   3   4   6   6   6   8 
Start of loop values: 520 520 521 522 523 524 524 525 525 
Values: 520 520 521 522 523 524 524 525 525 
  0   1   2   3   4   6   6   6   8 
Start of loop values: 515 520 520 521 522 523 524 524 525 
Values: 515 520 520 521 522 523 524 524 525 
  0   1   2   3   4   5   7   7   7 
Start of loop values: 517 520 520 521 522 523 524 524 525 
Values: 517 520 520 521 522 523 524 524 525 
  0   1   2   3   4   5   7   7   7 
Start of loop values: 520 520 520 521 522 523 524 524 525 
Values: 520 520 520 521 522 523 524 524 525 
  0   1   2   3   4   5   7   7   7 
Start of loop values: 520 520 520 521 521 522 523 524 524 
Values: 520 520 520 521 521 522 523 524 524 
  0   1   2   4   5   6   8   8   8 
Start of loop values: 520 520 266 520 521 521 522 523 524 
Values: 520 520 266 520 521 521 522 523 524 
  1   2   2   2   2   3   5   6   7 
Start of loop values: 520 520 266 520 521 521 522 523 524 
Values: 520 520 266 520 521 521 522 523 524 
  1   2   2   2   2   3   5   6   7 
Start of loop values: 520 520 266 520 521 521 522 523 524 
Values: 520 520 266 520 521 521 522 523 524 
  1   2   2   2   2   3   5   6   7 
Start of loop values: 520 520 266 520 521 521 522 523 524 
Values: 520 520 266 520 521 521 522 523 524 
  1   2   2   2   2   3   5   6   7 
Start of loop values: 520 520 266 520 521 521 522 523 524 
Values: 520 520 266 520 521 521 522 523 524 
  1   2   2   2   2   3   5   6   7 
Start of loop values: 520 520 266 520 521 521 522 523 524 
Values: 520 520 266 520 521 521 522 523 524 
  1   2   2   2   2   3   5   6   7 
Start of loop values: 520 520 266 520 521 521 522 523 524 
Values: 520 520 266 520 521 521 522 523 524 
  1   2   2   2   2   3   5   6   7 
Start of loop values: 520 520 266 520 521 521 522 523 524 
Values: 520 520 266 520 521 521 522 523 524 
  1   2   2   2   2   3   5   6   7 
Start of loop values: 520 520 266 520 521 521 522 523 524 
Values: 520 520 266 520 521 521 522 523 524 
  1   2   2   2   2   3   5   6   7 
Start of loop values: 520 520 266 520 521 521 522 523 524 
Values: 520 520 266 520 521 521 522 523 524 
  1   2   2   2   2   3   5   6   7 
Start of loop values: 520 520 266 520 521 521 522 523 524 
Values: 520 520 266 520 521 521 522 523 524 
  1   2   2   2   2   3   5   6   7 
Start of loop values: 520 520 266 520 521 521 522 523 524 
Values: 520 520 266 520 521 521 522 523 524 
  1   2   2   2   2   3   5   6   7 
Start of loop values: 520 520 266 520 521 521 522 523 524 
Values: 520 520 266 520 521 521 522 523 524 
  1   2   2   2   2   3   5   6   7 
Start of loop values: 520 520 266 520 521 521 522 523 524 
Values: 520 520 266 520 521 521 522 523 524 
  1   2   2   2   2   3   5   6   7 
Start of loop values: 520 520 266 520 521 521 522 523 524 
Values: 520 520 266 520 521 521 522 523 524 
  1   2   2   2   2   3   5   6   7 
Start of loop values: 520 520 266 520 521 521 522 523 524 
Values: 520 520 266 520 521 521 522 523 524 
  1   2   2   2   2   3   5   6   7 
Start of loop values: 520 520 266 520 521 521 522 523 524 
Values: 520 520 266 520 521 521 522 523 524 
  1   2   2   2   2   3   5   6   7 
Start of loop values: 520 520 266 520 521 521 522 523 524 
Values: 520 520 266 520 521 521 522 523 524 
  1   2   2   2   2   3   5   6   7 
Start of loop values: 520 520 266 520 521 521 522 523 524 
Values: 520 520 266 520 521 521 522 523 524 
  1   2   2   2   2   3   5   6   7 
Start of loop values: 520 520 266 520 521 521 522 523 524 
Values: 520 520 266 520 521 521 522 523 524 
  1   2   2   2   2   3   5   6   7 
Start of loop values: 520 520 266 520 521 521 522 523 524 
Values: 520 520 266 520 521 521 522 523 524 
  1   2   2   2   2   3   5   6   7 
Start of loop values: 520 520 266 520 521 521 522 523 524 
Values: 520 520 266 520 521 521 522 523 524 
  1   2   2   2   2   3   5   6   7 
Start of loop values: 520 520 266 520 521 521 522 523 524 
Values: 520 520 266 520 521 521 522 523 524 
  1   2   2   2   2   3   5   6   7 
Start of loop values: 520 520 266 520 521 521 522 523 524 
Values: 520 520 266 520 521 521 522 523 524 
  1   2   2   2   2   3   5   6   7 
Start of loop values: 520 520 266 520 521 521 522 523 524 
Values: 520 520 266 520 521 521 522 523 524 
  1   2   2   2   2   3   5   6   7 
Start of loop values: 520 520 266 520 521 521 522 523 524 
Values: 520 520 266 520 521 521 522 523 524 
  1   2   2   2   2   3   5   6   7 
Start of loop values: 520 520 266 520 521 521 522 523 524 
Values: 520 520 266 520 521 521 522 523 524 
  1   2   2   2   2   3   5   6   7 
Start of loop values: 520 520 266 520 521 521 522 523 524 
Values: 520 520 266 520 521 521 522 523 524 
  1   2   2   2   2   3   5   6   7 
Start of loop values: 520 520 266 520 521 521 522 523 524 
Values: 520 520 266 520 521 521 522 523 524 
  1   2   2   2   2   3   5   6   7 
Start of loop values: 520 520 266 520 521 521 522 523 524 
Values: 520 520 266 520 521 521 522 523 524 
  1   2   2   2   2   3   5   6   7 
Start of loop values: 520 520 266 520 521 521 522 523 524 
Values: 520 520 266 520 521 521 522 523 524 
  1   2   2   2   2   3   5   6   7 
Start of loop values: 520 520 266 520 521 521 522 523 524 
Values: 520 520 266 520 521 521 522 523 524 
  1   2   2   2   2   3   5   6   7 
Start of loop values: 520 520 266 520 521 521 522 523 524 
Values: 520 520 266 520 521 521 522 523 524 
  1   2   2   2   2   3   5   6   7 
Start of loop values: 520 520 266 520 521 521 522 523 524 
Values: 520 520 266 520 521 521 522 523 524 
  1   2   2   2   2   3   5   6   7 
Start of loop values: 520 520 266 520 521 521 522 523 524 
Values: 520 520 266 520 521 521 522 523 524 
  1   2   2   2   2   3   5   6   7 
Start of loop values: 520 520 266 520 521 521 522 523 524 
Values: 520 520 266 520 521 521 522 523 524 
  1   2   2   2   2   3   5   6   7 
Start of loop values: 520 520 266 520 521 521 522 523 524 
Values: 520 520 266 520 521 521 522 523 524 
  1   2   2   2   2   3   5   6   7 
Start of loop values: 520 520 266 520 521 521 522 523 524 
Values: 520 520 266 520 521 521 522 523 524 
  1   2   2   2   2   3   5   6   7 
Start of loop values: 520 520 266 520 521 521 522 523 524 
Values: 520 520 266 520 521 521 522 523 524 
  1   2   2   2   2   3   5   6   7 
Start of loop values: 520 520 266 520 521 521 522 523 524 
Values: 520 520 266 520 521 521 522 523 524 
  1   2   2   2   2   3   5   6   7 
Start of loop values: 520 520 266 520 521 521 522 523 524 
Values: 520 520 266 520 521 521 522 523 524 
  1   2   2   2   2   3   5   6   7 
Start of loop values: 520 520 266 520 521 521 522 523 524 
Values: 520 520 266 520 521 521 522 523 524 
  1   2   2   2   2   3   5   6   7 
Start of loop values: 520 520 266 520 521 521 522 523 524 
Values: 520 520 266 520 521 521 522 523 524 
  1   2   2   2   2   3   5   6   7 
Start of loop values: 520 520 266 520 521 521 522 523 524 
Values: 520 520 266 520 521 521 522 523 524 
  1   2   2   2   2   3   5   6   7 
Start of loop values: 520 520 266 520 521 521 522 523 524 
Values: 520 520 266 520 521 521 522 523 524 
  1   2   2   2   2   3   5   6   7 
Start of loop values: 520 520 266 520 521 521 522 523 524 
Values: 520 520 266 520 521 521 522 523 524 
  1   2   2   2   2   3   5   6   7 
Start of loop values: 520 520 266 520 521 521 522 523 524 
Values: 520 520 266 520 521 521 522 523 524 
  1   2   2   2   2   3   5   6   7 
Start of loop values: 520 520 266 520 521 521 522 523 524 
Values: 520 520 266 520 521 521 522 523 524 
  1   2   2   2   2   3   5   6   7 
Start of loop values: 520 520 266 520 521 521 522 523 524 
Values: 520 520 266 520 521 521 522 523 524 
  1   2   2   2   2   3   5   6   7 
Start of loop values: 520 520 266 520 521 521 522 523 524 
Values: 520 520 266 520 521 521 522 523 524 
  1   2   2   2   2   3   5   6   7 
Start of loop values: 520 520 266 520 521 521 522 523 524 
Values: 520 520 266 520 521 521 522 523 524 
  1   2   2   2   2   3   5   6   7 
Start of loop values: 520 520 266 520 521 521 522 523 524 
Values: 520 520 266 520 521 521 522 523 524 
  1   2   2   2   2   3   5   6   7 
Start of loop values: 520 520 266 520 521 521 522 523 524 
Values: 520 520 266 520 521 521 522 523 524 
  1   2   2   2   2   3   5   6   7 
Start of loop values: 520 520 266 520 521 521 522 523 524 
Values: 520 520 266 520 521 521 522 523 524 
  1   2   2   2   2   3   5   6   7 
Start of loop values: 520 520 266 520 521 521 522 523 524 
Values: 520 520 266 520 521 521 522 523 524 
  1   2   2   2   2   3   5   6   7 
Start of loop values: 520 520 266 520 521 521 522 523 524 
Values: 520 520 266 520 521 521 522 523 524 
  1   2   2   2   2   3   5   6   7 
Start of loop values: 520 520 266 520 521 521 522 523 524 
Values: 520 520 266 520 521 521 522 523 524 
  1   2   2   2   2   3   5   6   7 
Start of loop values: 520 520 266 520 521 521 522 523 524 
Values: 520 520 266 520 521 521 522 523 524 
  1   2   2   2   2   3   5   6   7 
Start of loop values: 520 520 266 520 521 521 522 523 524 
Values: 520 520 266 520 521 521 522 523 524 
  1   2   2   2   2   3   5   6   7 
Start of loop values: 520 520 266 520 521 521 522 523 524 
Values: 520 520 266 520 521 521 522 523 524 
  1   2   2   2   2   3   5   6   7 
Start of loop values: 520 520 266 520 521 521 522 523 524 
Values: 520 520 266 520 521 521 522 523 524 
  1   2   2   2   2   3   5   6   7 
Start of loop values: 520 520 266 520 521 521 522 523 524 
Values: 520 520 266 520 521 521 522 523 524 
  1   2   2   2   2   3   5   6   7 
Start of loop values: 520 520 266 520 521 521 522 523 524 
Values: 520 520 266 520 521 521 522 523 524 
  1   2   2   2   2   3   5   6   7 
Start of loop values: 520 520 266 520 521 521 522 523 524 
Values: 520 520 266 520 521 521 522 523 524 
  1   2   2   2   2   3   5   6   7 
Start of loop values: 520 520 266 520 521 521 522 523 524 
Values: 520 520 266 520 521 521 522 523 524 
  1   2   2   2   2   3   5   6   7 
Start of loop values: 520 520 266 520 521 521 522 523 524 
Values: 520 520 266 520 521 521 522 523 524 
  1   2   2   2   2   3   5   6   7 
Start of loop values: 520 520 266 520 521 521 522 523 524 
Values: 520 520 266 520 521 521 522 523 524 
  1   2   2   2   2   3   5   6   7 
Start of loop values: 520 520 266 520 521 521 522 523 524 
Values: 520 520 266 520 521 521 522 523 524 
  1   2   2   2   2   3   5   6   7 
Start of loop values: 520 520 266 520 521 521 522 523 524 
Values: 520 520 266 520 521 521 522 523 524 
  1   2   2   2   2   3   5   6   7 
Start of loop values: 520 520 266 520 521 521 522 523 524 
Values: 520 520 266 520 521 521 522 523 524 
  1   2   2   2   2   3   5   6   7 
Start of loop values: 520 520 266 520 521 521 522 523 524 
Values: 520 520 266 520 521 521 522 523 524 
  1   2   2   2   2   3   5   6   7 
Start of loop values: 520 520 266 520 521 521 522 523 524 
Values: 520 520 266 520 521 521 522 523 524 
  1   2   2   2   2   3   5   6   7 
Start of loop values: 520 520 266 520 521 521 522 523 524 
Values: 520 520 266 520 521 521 522 523 524 
  1   2   2   2   2   3   5   6   7 
Start of loop values: 520 520 266 520 521 521 522 523 524 
Values: 520 520 266 520 521 521 522 523 524 
  1   2   2   2   2   3   5   6   7 
Start of loop values: 520 520 266 520 521 521 522 523 524 
Values: 520 520 266 520 521 521 522 523 524 
  1   2   2   2   2   3   5   6   7 
Start of loop values: 520 520 266 520 521 521 522 523 524 
Values: 520 520 266 520 521 521 522 523 524 
  1   2   2   2   2   3   5   6   7 
Start of loop values: 520 520 266 520 521 521 522 523 524 
Values: 520 520 266 520 521 521 522 523 524 
  1   2   2   2   2   3   5   6   7 
Start of loop values: 520 520 266 520 521 521 522 523 524 
Values: 520 520 266 520 521 521 522 523 524 
  1   2   2   2   2   3   5   6   7 
Start of loop values: 520 520 266 520 521 521 522 523 524 
Values: 520 520 266 520 521 521 522 523 524 
  1   2   2   2   2   3   5   6   7 
Start of loop values: 520 520 266 520 521 521 522 523 524 
Values: 520 520 266 520 521 521 522 523 524 
  1   2   2   2   2   3   5   6   7 
Start of loop values: 520 520 266 520 521 521 522 523 524 
Values: 520 520 266 520 521 521 522 523 524 
  1   2   2   2   2   3   5   6   7 
Start of loop values: 520 520 266 520 521 521 522 523 524 
Values: 520 520 266 520 521 521 522 523 524 
  1   2   2   2   2   3   5   6   7 
Start of loop values: 520 520 266 520 521 521 522 523 524 
Values: 520 520 266 520 521 521 522 523 524 
  1   2   2   2   2   3   5   6   7 
Start of loop values: 520 520 266 520 521 521 522 523 524 
Values: 520 520 266 520 521 521 522 523 524 
  1   2   2   2   2   3   5   6   7 
Start of loop values: 520 520 266 520 521 521 522 523 524 
Values: 520 520 266 520 521 521 522 523 524 
  1   2   2   2   2   3   5   6   7 
Start of loop values: 520 520 266 520 521 521 522 523 524 
Values: 520 520 266 520 521 521 522 523 524 
  1   2   2   2   2   3   5   6   7 
Start of loop values: 520 520 266 520 521 521 522 523 524 
Values: 520 520 266 520 521 521 522 523 524 
  1   2   2   2   2   3   5   6   7 
Start of loop values: 520 520 266 520 521 521 522 523 524 
Values: 520 520 266 520 521 521 522 523 524 
  1   2   2   2   2   3   5   6   7 
Start of loop values: 520 520 266 520 521 521 522 523 524 
Values: 520 520 266 520 521 521 522 523 524 
  1   2   2   2   2   3   5   6   7 
Start of loop values: 520 520 266 520 521 521 522 523 524 
Values: 520 520 266 520 521 521 522 523 524 
  1   2   2   2   2   3   5   6   7 
Start of loop values: 520 520 266 520 521 521 522 523 524 
Values: 520 520 266 520 521 521 522 523 524 
  1   2   2   2   2   3   5   6   7 
Start of loop values: 520 520 266 520 521 521 522 523 524 
Values: 520 520 266 520 521 521 522 523 524 
  1   2   2   2   2   3   5   6   7 
Start of loop values: 520 520 266 520 521 521 522 523 524 
Values: 520 520 266 520 521 521 522 523 524 
  1   2   2   2   2   3   5   6   7 
Start of loop values: 520 520 266 520 521 521 522 523 524 
Values: 520 520 266 520 521 521 522 523 524 
  1   2   2   2   2   3   5   6   7 
Start of loop values: 520 520 266 520 521 521 522 523 524 
Values: 520 520 266 520 521 521 522 523 524 
  1   2   2   2   2   3   5   6   7 
Start of loop values: 520 520 266 520 521 521 522 523 524 
Values: 520 520 266 520 521 521 522 523 524 
  1   2   2   2   2   3   5   6   7 
Start of loop values: 520 520 266 520 521 521 522 523 524 
Values: 520 520 266 520 521 521 522 523 524 
  1   2   2   2   2   3   5   6   7 
Start of loop values: 520 520 266 520 521 521 522 523 524 
Values: 520 520 266 520 521 521 522 523 524 
  1   2   2   2   2   3   5   6   7 
Start of loop values: 520 520 266 520 521 521 522 523 524 
Values: 520 520 266 520 521 521 522 523 524 
  1   2   2   2   2   3   5   6   7 
Start of loop values: 520 520 266 520 521 521 522 523 524 
Values: 520 520 266 520 521 521 522 523 524 
  1   2   2   2   2   3   5   6   7 
Start of loop values: 520 520 266 520 521 521 522 523 524 
Values: 520 520 266 520 521 521 522 523 524 
  1   2   2   2   2   3   5   6   7 
Start of loop values: 520 520 266 520 521 521 522 523 524 
Values: 520 520 266 520 521 521 522 523 524 
  1   2   2   2   2   3   5   6   7 
Start of loop values: 520 520 266 520 521 521 522 523 524 
Values: 520 520 266 520 521 521 522 523 524 
  1   2   2   2   2   3   5   6   7 
Start of loop values: 520 520 266 520 521 521 522 523 524 
Values: 520 520 266 520 521 521 522 523 524 
  1   2   2   2   2   3   5   6   7 
Start of loop values: 520 520 266 520 521 521 522 523 524 
Values: 520 520 266 520 521 521 522 523 524 
  1   2   2   2   2   3   5   6   7 
Start of loop values: 520 520 266 520 521 521 522 523 524 
Values: 520 520 266 520 521 521 522 523 524 
  1   2   2   2   2   3   5   6   7 
Start of loop values: 520 520 266 520 521 521 522 523 524 
Values: 520 520 266 520 521 521 522 523 524 
  1   2   2   2   2   3   5   6   7 
Start of loop values: 520 520 266 520 521 521 522 523 524 
Values: 520 520 266 520 521 521 522 523 524 
  1   2   2   2   2   3   5   6   7 
Start of loop values: 520 520 266 520 521 521 522 523 524 
Values: 520 520 266 520 521 521 522 523 524 
  1   2   2   2   2   3   5   6   7 
Start of loop values: 520 520 266 520 521 521 522 523 524 
Values: 520 520 266 520 521 521 522 523 524 
  1   2   2   2   2   3   5   6   7 
Start of loop values: 520 520 266 520 521 521 522 523 524 
Values: 520 520 266 520 521 521 522 523 524 
  1   2   2   2   2   3   5   6   7 
Start of loop values: 520 520 266 520 521 521 522 523 524 
Values: 520 520 266 520 521 521 522 523 524 
  1   2   2   2   2   3   5   6   7 
Start of loop values: 520 520 266 520 521 521 522 523 524 
Values: 520 520 266 520 521 521 522 523 524 
  1   2   2   2   2   3   5   6   7 
Start of loop values: 520 520 266 520 521 521 522 523 524 
Values: 520 520 266 520 521 521 522 523 524 
  1   2   2   2   2   3   5   6   7 
Start of loop values: 520 520 266 520 521 521 522 523 524 
Values: 520 520 266 520 521 521 522 523 524 
  1   2   2   2   2   3   5   6   7 
Start of loop values: 520 520 266 520 521 521 522 523 524 
Values: 520 520 266 520 521 521 522 523 524 
  1   2   2   2   2   3   5   6   7 
Start of loop values: 520 520 266 520 521 521 522 523 524 
Values: 520 520 266 520 521 521 522 523 524 
  1   2   2   2   2   3   5   6   7 
Start of loop values: 520 520 266 520 521 521 522 523 524 
Values: 520 520 266 520 521 521 522 523 524 
  1   2   2   2   2   3   5   6   7 
Start of loop values: 520 520 266 520 521 521 522 523 524 
Values: 520 520 266 520 521 521 522 523 524 
  1   2   2   2   2   3   5   6   7 
Start of loop values: 520 520 266 520 521 521 522 523 524 
Values: 520 520 266 520 521 521 522 523 524 
  1   2   2   2   2   3   5   6   7 
Start of loop values: 520 520 266 520 521 521 522 523 524 
Values: 520 520 266 520 521 521 522 523 524 
  1   2   2   2   2   3   5   6   7 
Start of loop values: 520 520 266 520 521 521 522 523 524 
Values: 520 520 266 520 521 521 522 523 524 
  1   2   2   2   2   3   5   6   7 
Start of loop values: 520 520 266 520 521 521 522 523 524 
Values: 520 520 266 520 521 521 522 523 524 
  1   2   2   2   2   3   5   6   7 
Start of loop values: 520 520 266 520 521 521 522 523 524 
Values: 520 520 266 520 521 521 522 523 524 
  1   2   2   2   2   3   5   6   7 
Start of loop values: 520 520 266 520 521 521 522 523 524 
Values: 520 520 266 520 521 521 522 523 524 
  1   2   2   2   2   3   5   6   7 
Start of loop values: 520 520 266 520 521 521 522 523 524 
Values: 520 520 266 520 521 521 522 523 524 
  1   2   2   2   2   3   5   6   7 
Start of loop values: 520 520 266 520 521 521 522 523 524 
Values: 520 520 266 520 521 521 522 523 524 
  1   2   2   2   2   3   5   6   7 
Start of loop values: 520 520 266 520 521 521 522 523 524 
Values: 520 520 266 520 521 521 522 523 524 
  1   2   2   2   2   3   5   6   7 
Start of loop values: 520 520 266 520 521 521 522 523 524 
Values: 520 520 266 520 521 521 522 523 524 
  1   2   2   2   2   3   5   6   7 
Start of loop values: 520 520 266 520 521 521 522 523 524 
Values: 520 520 266 520 521 521 522 523 524 
  1   2   2   2   2   3   5   6   7 
Start of loop values: 520 520 266 520 521 521 522 523 524 
Values: 520 520 266 520 521 521 522 523 524 
  1   2   2   2   2   3   5   6   7 
Start of loop values: 520 520 266 520 521 521 522 523 524 
Values: 520 520 266 520 521 521 522 523 524 
  1   2   2   2   2   3   5   6   7 
Start of loop values: 520 520 266 520 521 521 522 523 524 
Values: 520 520 266 520 521 521 522 523 524 
  1   2   2   2   2   3   5   6   7 
Start of loop values: 520 520 266 520 521 521 522 523 524 
Values: 520 520 266 520 521 521 522 523 524 
  1   2   2   2   2   3   5   6   7 
Start of loop values: 520 520 266 520 521 521 522 523 524 
Values: 520 520 266 520 521 521 522 523 524 
  1   2   2   2   2   3   5   6   7 
Start of loop values: 520 520 266 520 521 521 522 523 524 
Values: 520 520 266 520 521 521 522 523 524 
  1   2   2   2   2   3   5   6   7 
Start of loop values: 520 520 266 520 521 521 522 523 524 
Values: 520 520 266 520 521 521 522 523 524 
  1   2   2   2   2   3   5   6   7 
Start of loop values: 520 520 266 520 521 521 522 523 524 
Values: 520 520 266 520 521 521 522 523 524 
  1   2   2   2   2   3   5   6   7 
Start of loop values: 520 520 266 520 521 521 522 523 524 
Values: 520 520 266 520 521 521 522 523 524 
  1   2   2   2   2   3   5   6   7 
Start of loop values: 520 520 266 520 521 521 522 523 524 
Values: 520 520 266 520 521 521 522 523 524 
  1   2   2   2   2   3   5   6   7 
Start of loop values: 520 520 266 520 521 521 522 523 524 
Values: 520 520 266 520 521 521 522 523 524 
  1   2   2   2   2   3   5   6   7 